123456 789456 190.000000 CSE
159357 159357 180.000000 CSE
115388 104521 180.000000 CSE
566565 555566 150.000000 CSE
1111111 222222 150.000000 CSE
123456 789456 190.000000 CSE
159357 159357 180.000000 CSE
115388 104521 180.000000 CSE
566565 555566 150.000000 CSE
1111111 222222 150.000000 CSE
123456 789456 190.000000 CSE
159357 159357 180.000000 CSE
115388 104521 180.000000 CSE
566565 555566 150.000000 CSE
1111111 222222 150.000000 CSE
123456 789456 190.000000 CSE
159357 159357 180.000000 CSE
115388 104521 180.000000 CSE
566565 555566 150.000000 CSE
1111111 222222 150.000000 CSE
