123789 789123 200.000000 EEE
106159 104485 140.000000 EEE
104521 115388 130.000000 EEE
115388 104521 120.000000 EEE
104521 115586 120.000000 EEE
115388 104521 120.000000 EEE
106159 104485 100.000000 EEE
123789 789123 200.000000 EEE
106159 104485 140.000000 EEE
104521 115388 130.000000 EEE
115388 104521 120.000000 EEE
104521 115586 120.000000 EEE
115388 104521 120.000000 EEE
106159 104485 100.000000 EEE
123789 789123 200.000000 EEE
106159 104485 140.000000 EEE
104521 115388 130.000000 EEE
115388 104521 120.000000 EEE
104521 115586 120.000000 EEE
115388 104521 120.000000 EEE
106159 104485 100.000000 EEE
123789 789123 200.000000 EEE
106159 104485 140.000000 EEE
104521 115388 130.000000 EEE
115388 104521 120.000000 EEE
104521 115586 120.000000 EEE
115388 104521 120.000000 EEE
106159 104485 100.000000 EEE
