155665 455665 200.000000 MCE
555654 554794 180.000000 MCE
115388 104521 100.000000 MCE
155665 455665 200.000000 MCE
123456 789456 190.000000 MCE
555654 554794 180.000000 MCE
155665 455665 200.000000 MCE
555654 554794 180.000000 MCE
115388 104521 100.000000 MCE
155665 455665 200.000000 MCE
555654 554794 180.000000 MCE
115388 104521 100.000000 MCE
155665 455665 200.000000 MCE
123456 789456 190.000000 MCE
555654 554794 180.000000 MCE
155665 455665 200.000000 MCE
555654 554794 180.000000 MCE
115388 104521 100.000000 MCE
2011 104521 100.000000 MCE
